NC-cover 0.5683146949185796 1 0 seed: 804
NC-cover 0.5683146949185796 1 0 -1 0-(0, 0, 13, 17, 17)
NC-cover 0.5683146949185796 1 0 -1 0-(0, 0, 7, 17, 29)
NC-cover 0.5683146949185796 1 0 -1 2-(0, 0, 21, 15, 12)
NC-cover 0.5683146949185796 1 0 -1 0-(0, 0, 19, 7, 19)
NC-cover 0.5683146949185796 1 0 -1 2-(0, 0, 5, 1, 19)
NC-cover 0.5683146949185796 1 0 -1 2-(0, 0, 16, 1, 15)
NC-cover 0.5683146949185796 1 0 -1 0-(0, 0, 14, 15, 5)
NC-cover 0.5683146949185796 1 0 -1 0-(0, 0, 16, 3, 5)
NC-cover 0.5683146949185796 1 0 -1 2-(0, 0, 14, 16, 12)
NC-cover 0.5683146949185796 1 0 -1 0-(0, 0, 3, 9, 30)
NC-cover 0.5683146949185796 1 0 -1 0-(0, 0, 13, 15, 27)
NC-cover 0.5683146949185796 1 0 -1 0-(0, 0, 10, 8, 21)
NC-cover 0.5683146949185796 1 0 -1 0-(0, 0, 13, 3, 12)
NC-cover 0.5683146949185796 1 0 -1 0-(0, 0, 9, 12, 30)
NC-cover 0.5683146949185796 1 0 -1 0-(0, 0, 11, 7, 30)
NC-cover 0.5683146949185796 1 0 -1 0-(0, 0, 18, 4, 30)
NC-cover 0.5683146949185796 1 0 -1 0-(0, 0, 13, 8, 23)
NC-cover 0.5683146949185796 1 0 -1 0-(0, 0, 7, 3, 19)
NC-cover 0.5683146949185796 1 0 -1 0-(0, 0, 10, 8, 26)
